Sensor Model:   PCHIP Spline (monotone cubic Hermite)
Serial Number:	R31279
Data Format:    4      (Log Ohms/Kelvin)
SetPoint Limit: 300.0      (Kelvin)
Temperature coefficient:  1 (Negative)
Number of Breakpoints:   196

No.   Units      Temperature (K)

1	3.00557	300
2	3.00557	287.465
3	3.00558	281.396
4	3.00559	275.454
5	3.00560	269.638
6	3.00563	263.945
7	3.00565	258.372
8	3.00568	252.917
9	3.00572	247.577
10	3.00576	242.349
11	3.00580	237.232
12	3.00585	232.223
13	3.00590	227.32
14	3.00596	222.52
15	3.00602	217.822
16	3.00609	213.223
17	3.00616	208.721
18	3.00623	204.314
19	3.00631	200
20	3.00656	188.378
21	3.00684	177.431
22	3.00715	167.12
23	3.00750	157.409
24	3.00788	148.261
25	3.00829	139.646
26	3.00873	131.531
27	3.00921	123.887
28	3.00971	116.688
29	3.01025	109.907
30	3.01082	103.52
31	3.01182	97.5048
32	3.01298	91.8387
33	3.01417	86.5018
34	3.01540	81.4751
35	3.01668	76.7405
36	3.01803	72.281
37	3.01944	68.0807
38	3.02091	64.1244
39	3.02243	60.3981
40	3.02402	56.8883
41	3.02566	53.5824
42	3.02736	50.4687
43	3.02911	47.5359
44	3.03091	44.7735
45	3.03276	42.1717
46	3.03465	39.7211
47	3.03659	37.4128
48	3.03859	35.2387
49	3.04061	33.191
50	3.04269	31.2622
51	3.04481	29.4455
52	3.04698	27.7344
53	3.04920	26.1227
54	3.05147	24.6047
55	3.05379	23.1749
56	3.05616	21.8282
57	3.05859	20.5597
58	3.06108	19.365
59	3.06362	18.2396
60	3.06623	17.1797
61	3.06890	16.1814
62	3.07163	15.2411
63	3.07443	14.3554
64	3.07729	13.5212
65	3.08021	12.7355
66	3.08322	11.9954
67	3.08628	11.2983
68	3.08941	10.6418
69	3.09261	10.0234
70	3.09589	9.44089
71	3.09924	8.89226
72	3.10265	8.37552
73	3.10613	7.88881
74	3.10970	7.43039
75	3.11332	6.9986
76	3.11703	6.5919
77	3.12080	6.20884
78	3.12464	5.84804
79	3.12856	5.5082
80	3.13255	5.18811
81	3.13663	4.88662
82	3.14076	4.60266
83	3.14498	4.33519
84	3.14927	4.08327
85	3.15364	3.84599
86	3.15809	3.62249
87	3.16261	3.41198
88	3.16721	3.21371
89	3.17191	3.02696
90	3.17668	2.85106
91	3.18153	2.68538
92	3.18647	2.52933
93	3.19149	2.38235
94	3.19660	2.24391
95	3.20180	2.11351
96	3.20708	1.99069
97	3.21246	1.87501
98	3.21793	1.76605
99	3.22350	1.66342
100	3.22915	1.56676
101	3.23489	1.47571
102	3.24074	1.38996
103	3.24668	1.30919
104	3.25270	1.23311
105	3.25883	1.16145
106	3.26505	1.09396
107	3.27136	1.03039
108	3.27776	0.97051
109	3.28426	0.914112
110	3.29086	0.860992
111	3.29754	0.810959
112	3.30431	0.763833
113	3.31118	0.719446
114	3.31813	0.677638
115	3.32517	0.63826
116	3.33229	0.60117
117	3.33951	0.566235
118	3.34680	0.533331
119	3.35418	0.502338
120	3.36164	0.473147
121	3.36919	0.445652
122	3.37681	0.419754
123	3.38451	0.395362
124	3.39230	0.372387
125	3.40016	0.350747
126	3.40810	0.330365
127	3.41612	0.311167
128	3.42421	0.293085
129	3.43239	0.276053
130	3.44064	0.260011
131	3.44898	0.244902
132	3.45739	0.23067
133	3.46589	0.217266
134	3.47447	0.20464
135	3.48314	0.192748
136	3.49188	0.181548
137	3.50072	0.170998
138	3.50965	0.161061
139	3.51867	0.151701
140	3.52778	0.142886
141	3.53699	0.134583
142	3.54630	0.126762
143	3.55570	0.119396
144	3.56520	0.112457
145	3.57481	0.105922
146	3.58451	0.099767
147	3.59433	0.0939694
148	3.60424	0.0885088
149	3.61426	0.0833654
150	3.62438	0.078521
151	3.63461	0.073958
152	3.64494	0.0696602
153	3.65539	0.0656122
154	3.66593	0.0617994
155	3.67657	0.0582082
156	3.68732	0.0548256
157	3.69817	0.0516396
158	3.70911	0.0486388
159	3.72015	0.0458123
160	3.73127	0.0431501
161	3.74249	0.0406426
162	3.75379	0.0382808
163	3.76517	0.0360563
164	3.77664	0.033961
165	3.78819	0.0319875
166	3.79980	0.0301287
167	3.81149	0.0283779
168	3.82325	0.0267288
169	3.83508	0.0251756
170	3.84698	0.0237126
171	3.85894	0.0223346
172	3.87098	0.0210367
173	3.88307	0.0198143
174	3.89522	0.0186628
175	3.90744	0.0175783
176	3.91971	0.0165568
177	3.93203	0.0155947
178	3.94440	0.0146885
179	3.95681	0.0138349
180	3.96924	0.0130309
181	3.98168	0.0122737
182	3.99410	0.0115605
183	4.00649	0.0108887
184	4.01880	0.0102559
185	4.03096	0.00965992
186	4.04294	0.00909858
187	4.05463	0.00856985
188	4.06596	0.00807184
189	4.07666	0.00760278
190	4.08687	0.00716097
191	4.09651	0.00674484
192	4.10554	0.00635289
193	4.11387	0.00598372
194	4.12146	0.005636
195	4.12823	0.00530848
196	4.13413	0.005
