Sensor Model:   RU-1000-BF0.007
Serial Number:	R31279
Data Format:    4      (Log Ohms/Kelvin)
SetPoint Limit: 300.0      (Kelvin)
Temperature coefficient:  1 (Negative)
Number of Breakpoints:   400

No.   Units      Temperature (K)

1	3.01286	300
2	3.01265	291.467
3	3.01244	283.177
4	3.01225	275.123
5	3.01208	267.298
6	3.01192	259.696
7	3.01177	252.309
8	3.01164	245.133
9	3.01152	238.161
10	3.01141	231.387
11	3.01132	224.806
12	3.01125	218.412
13	3.01119	212.2
14	3.01114	206.165
15	3.01111	200.301
16	3.01109	194.604
17	3.01109	189.069
18	3.01110	183.691
19	3.01112	178.467
20	3.01116	173.391
21	3.01122	168.459
22	3.01129	163.668
23	3.01137	159.013
24	3.01147	154.49
25	3.01158	150.096
26	3.01171	145.827
27	3.01186	141.679
28	3.01201	137.65
29	3.01219	133.735
30	3.01237	129.931
31	3.01257	126.235
32	3.01279	122.645
33	3.01302	119.157
34	3.01327	115.768
35	3.01353	112.475
36	3.01381	109.276
37	3.01410	106.168
38	3.01441	103.148
39	3.01473	100.215
40	3.01506	97.3642
41	3.01542	94.595
42	3.01578	91.9045
43	3.01616	89.2905
44	3.01656	86.7509
45	3.01697	84.2835
46	3.01740	81.8863
47	3.01784	79.5573
48	3.01830	77.2945
49	3.01877	75.0961
50	3.01926	72.9602
51	3.01977	70.8851
52	3.02029	68.869
53	3.02082	66.9102
54	3.02137	65.0071
55	3.02194	63.1582
56	3.02252	61.3618
57	3.02311	59.6166
58	3.02373	57.9209
59	3.02435	56.2735
60	3.02500	54.673
61	3.02566	53.118
62	3.02633	51.6072
63	3.02702	50.1394
64	3.02773	48.7133
65	3.02845	47.3278
66	3.02919	45.9817
67	3.02994	44.6739
68	3.03071	43.4033
69	3.03149	42.1688
70	3.03229	40.9694
71	3.03311	39.8041
72	3.03394	38.672
73	3.03479	37.5721
74	3.03565	36.5035
75	3.03653	35.4652
76	3.03743	34.4565
77	3.03834	33.4765
78	3.03927	32.5244
79	3.04021	31.5993
80	3.04117	30.7006
81	3.04215	29.8274
82	3.04314	28.979
83	3.04415	28.1548
84	3.04518	27.354
85	3.04622	26.576
86	3.04727	25.8201
87	3.04835	25.0857
88	3.04944	24.3723
89	3.05054	23.6791
90	3.05167	23.0056
91	3.05281	22.3512
92	3.05396	21.7155
93	3.05513	21.0979
94	3.05632	20.4978
95	3.05753	19.9148
96	3.05875	19.3484
97	3.05998	18.7981
98	3.06124	18.2634
99	3.06251	17.744
100	3.06380	17.2393
101	3.06510	16.749
102	3.06642	16.2726
103	3.06776	15.8098
104	3.06911	15.3601
105	3.07048	14.9232
106	3.07187	14.4988
107	3.07328	14.0864
108	3.07470	13.6858
109	3.07613	13.2965
110	3.07759	12.9183
111	3.07906	12.5509
112	3.08055	12.1939
113	3.08206	11.8471
114	3.08358	11.5102
115	3.08512	11.1828
116	3.08667	10.8647
117	3.08825	10.5557
118	3.08984	10.2555
119	3.09145	9.96379
120	3.09307	9.6804
121	3.09471	9.40507
122	3.09637	9.13757
123	3.09805	8.87767
124	3.09974	8.62517
125	3.10145	8.37986
126	3.10318	8.14151
127	3.10493	7.90995
128	3.10669	7.68498
129	3.10847	7.4664
130	3.11027	7.25404
131	3.11208	7.04772
132	3.11392	6.84727
133	3.11577	6.65252
134	3.11763	6.4633
135	3.11952	6.27947
136	3.12142	6.10087
137	3.12334	5.92735
138	3.12528	5.75876
139	3.12723	5.59497
140	3.12921	5.43584
141	3.13120	5.28123
142	3.13320	5.13102
143	3.13523	4.98509
144	3.13727	4.8433
145	3.13933	4.70555
146	3.14141	4.57171
147	3.14351	4.44168
148	3.14563	4.31535
149	3.14776	4.19261
150	3.14991	4.07337
151	3.15208	3.95751
152	3.15426	3.84495
153	3.15647	3.73559
154	3.15869	3.62934
155	3.16093	3.52612
156	3.16319	3.42583
157	3.16546	3.32839
158	3.16776	3.23372
159	3.17007	3.14175
160	3.17240	3.05239
161	3.17475	2.96557
162	3.17712	2.88123
163	3.17950	2.79928
164	3.18191	2.71966
165	3.18433	2.64231
166	3.18677	2.56715
167	3.18923	2.49414
168	3.19171	2.4232
169	3.19420	2.35428
170	3.19671	2.28732
171	3.19925	2.22226
172	3.20180	2.15906
173	3.20437	2.09765
174	3.20695	2.03799
175	3.20956	1.98002
176	3.21219	1.92371
177	3.21483	1.86899
178	3.21749	1.81583
179	3.22017	1.76419
180	3.22287	1.71401
181	3.22559	1.66526
182	3.22832	1.6179
183	3.23108	1.57188
184	3.23385	1.52717
185	3.23665	1.48374
186	3.23946	1.44154
187	3.24229	1.40054
188	3.24514	1.3607
189	3.24801	1.322
190	3.25089	1.2844
191	3.25380	1.24787
192	3.25673	1.21238
193	3.25967	1.17789
194	3.26263	1.14439
195	3.26561	1.11184
196	3.26862	1.08022
197	3.27164	1.0495
198	3.27468	1.01965
199	3.27773	0.990645
200	3.28081	0.962469
201	3.28391	0.935095
202	3.28703	0.908499
203	3.29016	0.882659
204	3.29332	0.857554
205	3.29649	0.833164
206	3.29968	0.809467
207	3.30290	0.786444
208	3.30613	0.764076
209	3.30938	0.742344
210	3.31265	0.72123
211	3.31594	0.700716
212	3.31925	0.680787
213	3.32258	0.661424
214	3.32593	0.642611
215	3.32930	0.624334
216	3.33269	0.606577
217	3.33609	0.589324
218	3.33952	0.572563
219	3.34297	0.556278
220	3.34643	0.540456
221	3.34992	0.525084
222	3.35343	0.51015
223	3.35695	0.49564
224	3.36050	0.481543
225	3.36406	0.467847
226	3.36765	0.45454
227	3.37126	0.441612
228	3.37488	0.429052
229	3.37853	0.416849
230	3.38219	0.404993
231	3.38588	0.393474
232	3.38958	0.382282
233	3.39331	0.37141
234	3.39705	0.360846
235	3.40082	0.350583
236	3.40460	0.340611
237	3.40841	0.330924
238	3.41223	0.321511
239	3.41608	0.312367
240	3.41994	0.303483
241	3.42383	0.294851
242	3.42774	0.286465
243	3.43166	0.278317
244	3.43561	0.270401
245	3.43958	0.26271
246	3.44357	0.255238
247	3.44757	0.247979
248	3.45160	0.240926
249	3.45565	0.234073
250	3.45972	0.227416
251	3.46381	0.220948
252	3.46792	0.214663
253	3.47205	0.208558
254	3.47620	0.202626
255	3.48038	0.196863
256	3.48457	0.191264
257	3.48878	0.185824
258	3.49302	0.180539
259	3.49727	0.175404
260	3.50155	0.170415
261	3.50584	0.165568
262	3.51016	0.160859
263	3.51450	0.156284
264	3.51885	0.151839
265	3.52323	0.14752
266	3.52763	0.143324
267	3.53206	0.139248
268	3.53650	0.135287
269	3.54096	0.131439
270	3.54544	0.127701
271	3.54995	0.124069
272	3.55448	0.12054
273	3.55902	0.117112
274	3.56359	0.113781
275	3.56818	0.110545
276	3.57279	0.1074
277	3.57742	0.104346
278	3.58208	0.101378
279	3.58675	0.0984945
280	3.59144	0.0956931
281	3.59616	0.0929714
282	3.60090	0.0903271
283	3.60566	0.087758
284	3.61044	0.085262
285	3.61524	0.0828369
286	3.62006	0.0804809
287	3.62491	0.0781918
288	3.62977	0.0759679
289	3.63466	0.0738072
290	3.63957	0.071708
291	3.64450	0.0696684
292	3.64945	0.0676869
293	3.65443	0.0657618
294	3.65942	0.0638913
295	3.66444	0.0620741
296	3.66948	0.0603086
297	3.67454	0.0585933
298	3.67962	0.0569268
299	3.68472	0.0553077
300	3.68985	0.0537346
301	3.69499	0.0522063
302	3.70016	0.0507214
303	3.70535	0.0492788
304	3.71057	0.0478772
305	3.71580	0.0465155
306	3.72106	0.0451925
307	3.72633	0.0439071
308	3.73163	0.0426583
309	3.73696	0.041445
310	3.74230	0.0402662
311	3.74767	0.039121
312	3.75305	0.0380083
313	3.75847	0.0369272
314	3.76390	0.0358769
315	3.76935	0.0348565
316	3.77483	0.0338651
317	3.78033	0.0329019
318	3.78585	0.0319661
319	3.79139	0.031057
320	3.79696	0.0301736
321	3.80255	0.0293154
322	3.80816	0.0284816
323	3.81379	0.0276716
324	3.81944	0.0268845
325	3.82512	0.0261199
326	3.83082	0.025377
327	3.83654	0.0246552
328	3.84229	0.0239539
329	3.84805	0.0232726
330	3.85384	0.0226107
331	3.85966	0.0219676
332	3.86549	0.0213428
333	3.87135	0.0207358
334	3.87723	0.020146
335	3.88313	0.019573
336	3.88905	0.0190163
337	3.89500	0.0184754
338	3.90097	0.01795
339	3.90697	0.0174394
340	3.91298	0.0169434
341	3.91902	0.0164615
342	3.92508	0.0159933
343	3.93117	0.0155384
344	3.93728	0.0150965
345	3.94341	0.0146671
346	3.94956	0.0142499
347	3.95574	0.0138446
348	3.96194	0.0134509
349	3.96816	0.0130683
350	3.97440	0.0126966
351	3.98067	0.0123355
352	3.98696	0.0119846
353	3.99328	0.0116438
354	3.99962	0.0113126
355	4.00598	0.0109908
356	4.01236	0.0106782
357	4.01877	0.0103745
358	4.02520	0.0100795
359	4.03165	0.00979277
360	4.03813	0.00951425
361	4.04463	0.00924364
362	4.05115	0.00898073
363	4.05770	0.0087253
364	4.06427	0.00847713
365	4.07086	0.00823603
366	4.07748	0.00800178
367	4.08412	0.00777419
368	4.09079	0.00755307
369	4.09747	0.00733825
370	4.10419	0.00712953
371	4.11092	0.00692675
372	4.11768	0.00672974
373	4.12446	0.00653833
374	4.13127	0.00635237
375	4.13810	0.0061717
376	4.14495	0.00599616
377	4.15183	0.00582562
378	4.15873	0.00565992
379	4.16565	0.00549894
380	4.17260	0.00534254
381	4.17957	0.00519059
382	4.18657	0.00504296
383	4.19359	0.00489952
384	4.20063	0.00476017
385	4.20770	0.00462478
386	4.21479	0.00449324
387	4.22191	0.00436545
388	4.22905	0.00424128
389	4.23621	0.00412065
390	4.24340	0.00400345
391	4.25061	0.00388958
392	4.25785	0.00377896
393	4.26511	0.00367147
394	4.27239	0.00356705
395	4.27970	0.0034656
396	4.28703	0.00336703
397	4.29439	0.00327126
398	4.30177	0.00317822
399	4.30917	0.00308782
400	4.31660	0.003
