Sensor Model:   Log-Polynomial Fit (degree-5)
Serial Number:	R31279
Data Format:    4      (Log Ohms/Kelvin)
SetPoint Limit: 300.0      (Kelvin)
Temperature coefficient:  1 (Negative)
Number of Breakpoints:   162

No.   Units      Temperature (K)

1	3.03390	300
2	3.03395	37.9929
3	3.03568	35.9292
4	3.03748	33.9776
5	3.03935	32.132
6	3.04128	30.3867
7	3.04329	28.7362
8	3.04535	27.1753
9	3.04748	25.6992
10	3.04967	24.3033
11	3.05193	22.9832
12	3.05425	21.7348
13	3.05663	20.5543
14	3.05907	19.4378
15	3.06157	18.382
16	3.06413	17.3835
17	3.06675	16.4393
18	3.06942	15.5464
19	3.07216	14.7019
20	3.07496	13.9034
21	3.07781	13.1482
22	3.08072	12.434
23	3.08369	11.7586
24	3.08672	11.1199
25	3.08980	10.5159
26	3.09294	9.94471
27	3.09614	9.40454
28	3.09940	8.89371
29	3.10271	8.41063
30	3.10609	7.95379
31	3.10952	7.52176
32	3.11300	7.1132
33	3.11655	6.72683
34	3.12015	6.36144
35	3.12382	6.01591
36	3.12754	5.68914
37	3.13132	5.38012
38	3.13516	5.08789
39	3.13906	4.81152
40	3.14302	4.55018
41	3.14704	4.30302
42	3.15112	4.06929
43	3.15526	3.84826
44	3.15947	3.63923
45	3.16373	3.44156
46	3.16806	3.25462
47	3.17245	3.07784
48	3.17691	2.91066
49	3.18143	2.75256
50	3.18601	2.60305
51	3.19066	2.46166
52	3.19538	2.32795
53	3.20016	2.2015
54	3.20501	2.08192
55	3.20993	1.96884
56	3.21492	1.86189
57	3.21997	1.76076
58	3.22509	1.66512
59	3.23029	1.57468
60	3.23555	1.48914
61	3.24089	1.40826
62	3.24630	1.33176
63	3.25178	1.25943
64	3.25733	1.19102
65	3.26296	1.12633
66	3.26866	1.06515
67	3.27443	1.00729
68	3.28028	0.952577
69	3.28621	0.900835
70	3.29221	0.851904
71	3.29830	0.805631
72	3.30445	0.761872
73	3.31069	0.720489
74	3.31701	0.681354
75	3.32340	0.644344
76	3.32988	0.609345
77	3.33643	0.576247
78	3.34307	0.544947
79	3.34979	0.515347
80	3.35659	0.487355
81	3.36347	0.460883
82	3.37044	0.435849
83	3.37748	0.412175
84	3.38461	0.389787
85	3.39183	0.368614
86	3.39913	0.348592
87	3.40651	0.329658
88	3.41398	0.311751
89	3.42153	0.294818
90	3.42917	0.278804
91	3.43689	0.26366
92	3.44470	0.249339
93	3.45259	0.235796
94	3.46057	0.222988
95	3.46863	0.210876
96	3.47678	0.199421
97	3.48502	0.188589
98	3.49334	0.178346
99	3.50175	0.168658
100	3.51024	0.159497
101	3.51882	0.150834
102	3.52748	0.142641
103	3.53623	0.134893
104	3.54506	0.127566
105	3.55397	0.120637
106	3.56297	0.114084
107	3.57206	0.107888
108	3.58122	0.102027
109	3.59047	0.0964856
110	3.59980	0.0912448
111	3.60921	0.0862886
112	3.61870	0.0816016
113	3.62827	0.0771692
114	3.63792	0.0729776
115	3.64765	0.0690137
116	3.65746	0.065265
117	3.66734	0.06172
118	3.67730	0.0583675
119	3.68733	0.0551972
120	3.69743	0.052199
121	3.70761	0.0493637
122	3.71786	0.0466824
123	3.72818	0.0441467
124	3.73856	0.0417488
125	3.74901	0.0394811
126	3.75953	0.0373366
127	3.77011	0.0353086
128	3.78076	0.0333907
129	3.79146	0.031577
130	3.80222	0.0298618
131	3.81304	0.0282398
132	3.82392	0.0267059
133	3.83485	0.0252553
134	3.84583	0.0238835
135	3.85685	0.0225862
136	3.86793	0.0213594
137	3.87905	0.0201992
138	3.89021	0.019102
139	3.90141	0.0180645
140	3.91265	0.0170833
141	3.92392	0.0161553
142	3.93522	0.0152778
143	3.94656	0.014448
144	3.95792	0.0136632
145	3.96930	0.012921
146	3.98071	0.0122192
147	3.99213	0.0115555
148	4.00356	0.0109278
149	4.01501	0.0103343
150	4.02647	0.00977293
151	4.03793	0.00924209
152	4.04939	0.00874009
153	4.06084	0.00826535
154	4.07229	0.0078164
155	4.08373	0.00739183
156	4.09516	0.00699033
157	4.10657	0.00661063
158	4.11795	0.00625156
159	4.12931	0.00591199
160	4.14064	0.00559087
161	4.15193	0.00528719
162	4.16318	0.005
