Sensor Model:   RU-1000-BF0.007
Serial Number:	R31279
Data Format:    4      (Log Ohms/Kelvin)
SetPoint Limit: 300.0      (Kelvin)
Temperature coefficient:  1 (Negative)
Number of Breakpoints:   400

No.   Units      Temperature (K)

1	2.98439	300
2	2.98504	291.467
3	2.98570	283.177
4	2.98636	275.123
5	2.98703	267.298
6	2.98770	259.696
7	2.98838	252.309
8	2.98906	245.133
9	2.98974	238.161
10	2.99043	231.387
11	2.99113	224.806
12	2.99183	218.412
13	2.99254	212.2
14	2.99325	206.165
15	2.99396	200.301
16	2.99468	194.604
17	2.99541	189.069
18	2.99614	183.691
19	2.99688	178.467
20	2.99762	173.391
21	2.99837	168.459
22	2.99912	163.668
23	2.99988	159.013
24	3.00064	154.49
25	3.00141	150.096
26	3.00219	145.827
27	3.00297	141.679
28	3.00376	137.65
29	3.00455	133.735
30	3.00535	129.931
31	3.00615	126.235
32	3.00696	122.645
33	3.00777	119.157
34	3.00860	115.768
35	3.00942	112.475
36	3.01026	109.276
37	3.01110	106.168
38	3.01194	103.148
39	3.01279	100.215
40	3.01365	97.3642
41	3.01451	94.595
42	3.01538	91.9045
43	3.01626	89.2905
44	3.01714	86.7509
45	3.01803	84.2835
46	3.01893	81.8863
47	3.01983	79.5573
48	3.02074	77.2945
49	3.02165	75.0961
50	3.02257	72.9602
51	3.02350	70.8851
52	3.02444	68.869
53	3.02538	66.9102
54	3.02633	65.0071
55	3.02728	63.1582
56	3.02825	61.3618
57	3.02921	59.6166
58	3.03019	57.9209
59	3.03117	56.2735
60	3.03217	54.673
61	3.03316	53.118
62	3.03417	51.6072
63	3.03518	50.1394
64	3.03620	48.7133
65	3.03723	47.3278
66	3.03826	45.9817
67	3.03930	44.6739
68	3.04035	43.4033
69	3.04141	42.1688
70	3.04247	40.9694
71	3.04355	39.8041
72	3.04463	38.672
73	3.04572	37.5721
74	3.04681	36.5035
75	3.04792	35.4652
76	3.04903	34.4565
77	3.05015	33.4765
78	3.05127	32.5244
79	3.05241	31.5993
80	3.05356	30.7006
81	3.05471	29.8274
82	3.05587	28.979
83	3.05704	28.1548
84	3.05822	27.354
85	3.05940	26.576
86	3.06060	25.8201
87	3.06180	25.0857
88	3.06301	24.3723
89	3.06423	23.6791
90	3.06546	23.0056
91	3.06670	22.3512
92	3.06795	21.7155
93	3.06921	21.0979
94	3.07047	20.4978
95	3.07175	19.9148
96	3.07303	19.3484
97	3.07433	18.7981
98	3.07563	18.2634
99	3.07694	17.744
100	3.07826	17.2393
101	3.07960	16.749
102	3.08094	16.2726
103	3.08229	15.8098
104	3.08365	15.3601
105	3.08502	14.9232
106	3.08640	14.4988
107	3.08779	14.0864
108	3.08919	13.6858
109	3.09060	13.2965
110	3.09202	12.9183
111	3.09345	12.5509
112	3.09490	12.1939
113	3.09635	11.8471
114	3.09781	11.5102
115	3.09928	11.1828
116	3.10077	10.8647
117	3.10226	10.5557
118	3.10377	10.2555
119	3.10528	9.96379
120	3.10681	9.6804
121	3.10835	9.40507
122	3.10990	9.13757
123	3.11146	8.87767
124	3.11303	8.62517
125	3.11461	8.37986
126	3.11621	8.14151
127	3.11781	7.90995
128	3.11943	7.68498
129	3.12106	7.4664
130	3.12270	7.25404
131	3.12436	7.04772
132	3.12602	6.84727
133	3.12770	6.65252
134	3.12939	6.4633
135	3.13109	6.27947
136	3.13280	6.10087
137	3.13453	5.92735
138	3.13627	5.75876
139	3.13802	5.59497
140	3.13978	5.43584
141	3.14156	5.28123
142	3.14335	5.13102
143	3.14515	4.98509
144	3.14697	4.8433
145	3.14880	4.70555
146	3.15064	4.57171
147	3.15250	4.44168
148	3.15436	4.31535
149	3.15625	4.19261
150	3.15814	4.07337
151	3.16005	3.95751
152	3.16198	3.84495
153	3.16391	3.73559
154	3.16587	3.62934
155	3.16783	3.52612
156	3.16981	3.42583
157	3.17181	3.32839
158	3.17381	3.23372
159	3.17584	3.14175
160	3.17788	3.05239
161	3.17993	2.96557
162	3.18200	2.88123
163	3.18408	2.79928
164	3.18618	2.71966
165	3.18829	2.64231
166	3.19042	2.56715
167	3.19256	2.49414
168	3.19472	2.4232
169	3.19689	2.35428
170	3.19908	2.28732
171	3.20129	2.22226
172	3.20351	2.15906
173	3.20575	2.09765
174	3.20801	2.03799
175	3.21028	1.98002
176	3.21256	1.92371
177	3.21487	1.86899
178	3.21719	1.81583
179	3.21953	1.76419
180	3.22188	1.71401
181	3.22425	1.66526
182	3.22664	1.6179
183	3.22905	1.57188
184	3.23147	1.52717
185	3.23391	1.48374
186	3.23637	1.44154
187	3.23884	1.40054
188	3.24134	1.3607
189	3.24385	1.322
190	3.24638	1.2844
191	3.24893	1.24787
192	3.25150	1.21238
193	3.25408	1.17789
194	3.25669	1.14439
195	3.25931	1.11184
196	3.26195	1.08022
197	3.26461	1.0495
198	3.26729	1.01965
199	3.26999	0.990645
200	3.27271	0.962469
201	3.27545	0.935095
202	3.27821	0.908499
203	3.28099	0.882659
204	3.28379	0.857554
205	3.28661	0.833164
206	3.28945	0.809467
207	3.29231	0.786444
208	3.29519	0.764076
209	3.29809	0.742344
210	3.30102	0.72123
211	3.30396	0.700716
212	3.30693	0.680787
213	3.30991	0.661424
214	3.31292	0.642611
215	3.31595	0.624334
216	3.31900	0.606577
217	3.32208	0.589324
218	3.32518	0.572563
219	3.32829	0.556278
220	3.33144	0.540456
221	3.33460	0.525084
222	3.33779	0.51015
223	3.34100	0.49564
224	3.34423	0.481543
225	3.34749	0.467847
226	3.35077	0.45454
227	3.35407	0.441612
228	3.35740	0.429052
229	3.36075	0.416849
230	3.36413	0.404993
231	3.36753	0.393474
232	3.37096	0.382282
233	3.37441	0.37141
234	3.37788	0.360846
235	3.38138	0.350583
236	3.38491	0.340611
237	3.38846	0.330924
238	3.39204	0.321511
239	3.39564	0.312367
240	3.39927	0.303483
241	3.40293	0.294851
242	3.40661	0.286465
243	3.41032	0.278317
244	3.41405	0.270401
245	3.41782	0.26271
246	3.42161	0.255238
247	3.42542	0.247979
248	3.42927	0.240926
249	3.43314	0.234073
250	3.43704	0.227416
251	3.44097	0.220948
252	3.44493	0.214663
253	3.44891	0.208558
254	3.45293	0.202626
255	3.45697	0.196863
256	3.46105	0.191264
257	3.46515	0.185824
258	3.46928	0.180539
259	3.47344	0.175404
260	3.47764	0.170415
261	3.48186	0.165568
262	3.48611	0.160859
263	3.49040	0.156284
264	3.49471	0.151839
265	3.49906	0.14752
266	3.50344	0.143324
267	3.50785	0.139248
268	3.51229	0.135287
269	3.51676	0.131439
270	3.52127	0.127701
271	3.52581	0.124069
272	3.53038	0.12054
273	3.53498	0.117112
274	3.53962	0.113781
275	3.54429	0.110545
276	3.54900	0.1074
277	3.55374	0.104346
278	3.55851	0.101378
279	3.56332	0.0984945
280	3.56816	0.0956931
281	3.57304	0.0929714
282	3.57795	0.0903271
283	3.58290	0.087758
284	3.58789	0.085262
285	3.59291	0.0828369
286	3.59797	0.0804809
287	3.60306	0.0781918
288	3.60819	0.0759679
289	3.61336	0.0738072
290	3.61857	0.071708
291	3.62381	0.0696684
292	3.62909	0.0676869
293	3.63441	0.0657618
294	3.63977	0.0638913
295	3.64516	0.0620741
296	3.65060	0.0603086
297	3.65607	0.0585933
298	3.66159	0.0569268
299	3.66714	0.0553077
300	3.67274	0.0537346
301	3.67837	0.0522063
302	3.68405	0.0507214
303	3.68977	0.0492788
304	3.69553	0.0478772
305	3.70133	0.0465155
306	3.70717	0.0451925
307	3.71305	0.0439071
308	3.71898	0.0426583
309	3.72495	0.041445
310	3.73096	0.0402662
311	3.73702	0.039121
312	3.74312	0.0380083
313	3.74927	0.0369272
314	3.75546	0.0358769
315	3.76169	0.0348565
316	3.76797	0.0338651
317	3.77429	0.0329019
318	3.78066	0.0319661
319	3.78708	0.031057
320	3.79354	0.0301736
321	3.80005	0.0293154
322	3.80661	0.0284816
323	3.81322	0.0276716
324	3.81987	0.0268845
325	3.82657	0.0261199
326	3.83332	0.025377
327	3.84012	0.0246552
328	3.84696	0.0239539
329	3.85386	0.0232726
330	3.86081	0.0226107
331	3.86780	0.0219676
332	3.87485	0.0213428
333	3.88195	0.0207358
334	3.88910	0.020146
335	3.89630	0.019573
336	3.90356	0.0190163
337	3.91086	0.0184754
338	3.91822	0.01795
339	3.92563	0.0174394
340	3.93310	0.0169434
341	3.94062	0.0164615
342	3.94819	0.0159933
343	3.95582	0.0155384
344	3.96351	0.0150965
345	3.97125	0.0146671
346	3.97905	0.0142499
347	3.98690	0.0138446
348	3.99481	0.0134509
349	4.00278	0.0130683
350	4.01080	0.0126966
351	4.01888	0.0123355
352	4.02702	0.0119846
353	4.03522	0.0116438
354	4.04348	0.0113126
355	4.05180	0.0109908
356	4.06018	0.0106782
357	4.06862	0.0103745
358	4.07713	0.0100795
359	4.08569	0.00979277
360	4.09431	0.00951425
361	4.10300	0.00924364
362	4.11175	0.00898073
363	4.12056	0.0087253
364	4.12944	0.00847713
365	4.13838	0.00823603
366	4.14739	0.00800178
367	4.15646	0.00777419
368	4.16560	0.00755307
369	4.17480	0.00733825
370	4.18407	0.00712953
371	4.19341	0.00692675
372	4.20281	0.00672974
373	4.21229	0.00653833
374	4.22183	0.00635237
375	4.23144	0.0061717
376	4.24112	0.00599616
377	4.25087	0.00582562
378	4.26069	0.00565992
379	4.27058	0.00549894
380	4.28055	0.00534254
381	4.29058	0.00519059
382	4.30069	0.00504296
383	4.31087	0.00489952
384	4.32113	0.00476017
385	4.33146	0.00462478
386	4.34186	0.00449324
387	4.35234	0.00436545
388	4.36290	0.00424128
389	4.37353	0.00412065
390	4.38424	0.00400345
391	4.39502	0.00388958
392	4.40589	0.00377896
393	4.41683	0.00367147
394	4.42785	0.00356705
395	4.43896	0.0034656
396	4.45014	0.00336703
397	4.46140	0.00327126
398	4.47275	0.00317822
399	4.48417	0.00308782
400	4.49568	0.003
