Sensor Model:   RU-1000-BF0.007
Serial Number:	R31839
Data Format:    4      (Log Ohms/Kelvin)
SetPoint Limit: 100.0      (Kelvin)
Temperature coefficient:  1 (Negative)
Number of Breakpoints:   198

No.   Units      Temperature (K)

1	3.01526	102
2	3.01604	99
3	3.01669	96.5
4	3.01734	94
5	3.01799	91.5
6	3.01865	89
7	3.01932	86.5
8	3.02000	84
9	3.02070	81.5
10	3.02143	79
11	3.02218	76.5
12	3.02297	74
13	3.02378	71.5
14	3.02464	69
15	3.02537	67
16	3.02612	65
17	3.02691	63
18	3.02774	61
19	3.02861	59
20	3.02952	57
21	3.03049	55
22	3.03151	53
23	3.03259	51
24	3.03374	49
25	3.03483	47.2
26	3.03599	45.4
27	3.03721	43.6
28	3.03851	41.8
29	3.03998	39.9
30	3.04137	38.2
31	3.04286	36.5
32	3.04435	34.9
33	3.04594	33.3
34	3.04764	31.7
35	3.04934	30.2
36	3.05117	28.7
37	3.05313	27.2
38	3.05510	25.8
39	3.05707	24.5
40	3.05919	23.2
41	3.06148	21.9
42	3.06377	20.7
43	3.06560	19.8
44	3.06712	19.1
45	3.06871	18.4
46	3.07039	17.7
47	3.07203	17.05
48	3.07377	16.4
49	3.07560	15.75
50	3.07739	15.15
51	3.07928	14.55
52	3.08128	13.95
53	3.08322	13.4
54	3.08528	12.85
55	3.08746	12.3
56	3.08956	11.8
57	3.09179	11.3
58	3.09416	10.8
59	3.09669	10.3
60	3.09911	9.85
61	3.10169	9.4
62	3.10445	8.95
63	3.10706	8.55
64	3.10984	8.15
65	3.11281	7.75
66	3.11599	7.35
67	3.11942	6.95
68	3.12264	6.6
69	3.12610	6.25
70	3.13004	5.88
71	3.13396	5.54
72	3.13796	5.22
73	3.14201	4.92
74	3.14639	4.62
75	3.15117	4.32
76	3.15603	4.04
77	3.15997	3.83
78	3.16358	3.65
79	3.16743	3.47
80	3.17155	3.29
81	3.17571	3.12
82	3.18018	2.95
83	3.18469	2.79
84	3.18956	2.63
85	3.19448	2.48
86	3.19980	2.33
87	3.20518	2.19
88	3.21102	2.05
89	3.21692	1.92
90	3.22335	1.79
91	3.22985	1.67
92	3.23635	1.56
93	3.24346	1.45
94	3.25129	1.34
95	3.25914	1.24
96	3.26426	1.18
97	3.26831	1.135
98	3.27257	1.09
99	3.27705	1.045
100	3.28179	1
101	3.28622	0.96
102	3.29090	0.92
103	3.29583	0.88
104	3.30105	0.84
105	3.30658	0.8
106	3.31171	0.765
107	3.31714	0.73
108	3.32289	0.695
109	3.32901	0.66
110	3.33554	0.625
111	3.34149	0.595
112	3.34782	0.565
113	3.35457	0.535
114	3.36179	0.505
115	3.36768	0.482
116	3.37308	0.462
117	3.37876	0.442
118	3.38476	0.422
119	3.39045	0.404
120	3.39853	0.38
121	3.40573	0.36
122	3.41342	0.34
123	3.42166	0.32
124	3.43053	0.3
125	3.44011	0.28
126	3.45054	0.26
127	3.46194	0.24
128	3.47450	0.22
129	3.48848	0.2
130	3.49223	0.195
131	3.49609	0.19
132	3.50008	0.185
133	3.50419	0.18
134	3.50844	0.175
135	3.51283	0.17
136	3.51738	0.165
137	3.52209	0.16
138	3.52697	0.155
139	3.53204	0.15
140	3.53732	0.145
141	3.54281	0.14
142	3.54854	0.135
143	3.55452	0.13
144	3.56078	0.125
145	3.56733	0.12
146	3.57422	0.115
147	3.58147	0.11
148	3.58912	0.105
149	3.59720	0.1
150	3.60578	0.095
151	3.61490	0.09
152	3.62463	0.085
153	3.63507	0.08
154	3.64629	0.075
155	3.65843	0.07
156	3.67163	0.065
157	3.68606	0.06
158	3.70196	0.055
159	3.71964	0.05
160	3.72729	0.048
161	3.73125	0.047
162	3.73947	0.045
163	3.74375	0.044
164	3.75263	0.042
165	3.76202	0.04
166	3.76691	0.039
167	3.77195	0.038
168	3.77715	0.037
169	3.78250	0.036
170	3.78803	0.035
171	3.79374	0.034
172	3.79965	0.033
173	3.80576	0.032
174	3.81209	0.031
175	3.81866	0.03
176	3.82548	0.029
177	3.83258	0.028
178	3.83996	0.027
179	3.84766	0.026
180	3.85571	0.025
181	3.86413	0.024
182	3.87296	0.023
183	3.88223	0.022
184	3.89200	0.021
185	3.90231	0.02
186	3.91322	0.019
187	3.92481	0.018
188	3.93716	0.017
189	3.95037	0.016
190	3.96455	0.015
191	3.97984	0.014
192	3.99641	0.013
193	4.01445	0.012
194	4.03417	0.011
195	4.05582	0.01
196	4.07959	0.009
197	4.10551	0.008
198	4.13307	0.007
