Sensor Model:   RU-1000-BF0.007
Serial Number:	R31279
Data Format:    4      (Log Ohms/Kelvin)
SetPoint Limit: 100.0      (Kelvin)
Temperature coefficient:  1 (Negative)
Number of Breakpoints:   198

No.   Units      Temperature (K)

1	3.01096	102
2	3.01153	99
3	3.01202	96.5
4	3.01253	94
5	3.01305	91.5
6	3.01360	89
7	3.01417	86.5
8	3.01477	84
9	3.01539	81.5
10	3.01606	79
11	3.01675	76.5
12	3.01750	74
13	3.01828	71.5
14	3.01912	69
15	3.01982	67
16	3.02057	65
17	3.02135	63
18	3.02217	61
19	3.02305	59
20	3.02397	57
21	3.02494	55
22	3.02597	53
23	3.02706	51
24	3.02822	49
25	3.02932	47.2
26	3.03049	45.4
27	3.03173	43.6
28	3.03304	41.8
29	3.03451	39.9
30	3.03591	38.2
31	3.03741	36.5
32	3.03891	34.9
33	3.04050	33.3
34	3.04220	31.7
35	3.04391	30.2
36	3.04573	28.7
37	3.04770	27.2
38	3.04967	25.8
39	3.05163	24.5
40	3.05375	23.2
41	3.05603	21.9
42	3.05831	20.7
43	3.06015	19.8
44	3.06166	19.1
45	3.06325	18.4
46	3.06492	17.7
47	3.06657	17.05
48	3.06830	16.4
49	3.07012	15.75
50	3.07191	15.15
51	3.07379	14.55
52	3.07579	13.95
53	3.07772	13.4
54	3.07977	12.85
55	3.08195	12.3
56	3.08405	11.8
57	3.08627	11.3
58	3.08863	10.8
59	3.09115	10.3
60	3.09356	9.85
61	3.09613	9.4
62	3.09887	8.95
63	3.10147	8.55
64	3.10423	8.15
65	3.10718	7.75
66	3.11035	7.35
67	3.11375	6.95
68	3.11695	6.6
69	3.12038	6.25
70	3.12429	5.88
71	3.12818	5.54
72	3.13214	5.22
73	3.13616	4.92
74	3.14050	4.62
75	3.14523	4.32
76	3.15004	4.04
77	3.15395	3.83
78	3.15752	3.65
79	3.16133	3.47
80	3.16540	3.29
81	3.16952	3.12
82	3.17395	2.95
83	3.17842	2.79
84	3.18324	2.63
85	3.18811	2.48
86	3.19337	2.33
87	3.19870	2.19
88	3.20448	2.05
89	3.21032	1.92
90	3.21669	1.79
91	3.22313	1.67
92	3.22956	1.56
93	3.23660	1.45
94	3.24436	1.34
95	3.25214	1.24
96	3.25720	1.18
97	3.26121	1.135
98	3.26543	1.09
99	3.26987	1.045
100	3.27455	1
101	3.27894	0.96
102	3.28356	0.92
103	3.28844	0.88
104	3.29360	0.84
105	3.29907	0.8
106	3.30414	0.765
107	3.30950	0.73
108	3.31518	0.695
109	3.32122	0.66
110	3.32766	0.625
111	3.33353	0.595
112	3.33977	0.565
113	3.34642	0.535
114	3.35353	0.505
115	3.35932	0.482
116	3.36464	0.462
117	3.37023	0.442
118	3.37613	0.422
119	3.38172	0.404
120	3.38966	0.38
121	3.39673	0.36
122	3.40427	0.34
123	3.41236	0.32
124	3.42105	0.3
125	3.43044	0.28
126	3.44065	0.26
127	3.45181	0.24
128	3.46411	0.22
129	3.47778	0.2
130	3.48145	0.195
131	3.48523	0.19
132	3.48912	0.185
133	3.49314	0.18
134	3.49730	0.175
135	3.50159	0.17
136	3.50604	0.165
137	3.51064	0.16
138	3.51542	0.155
139	3.52038	0.15
140	3.52554	0.145
141	3.53091	0.14
142	3.53651	0.135
143	3.54237	0.13
144	3.54849	0.125
145	3.55490	0.12
146	3.56164	0.115
147	3.56873	0.11
148	3.57622	0.105
149	3.58413	0.1
150	3.59253	0.095
151	3.60146	0.09
152	3.61100	0.085
153	3.62121	0.08
154	3.63221	0.075
155	3.64410	0.07
156	3.65703	0.065
157	3.67117	0.06
158	3.68675	0.055
159	3.70405	0.05
160	3.71154	0.048
161	3.71542	0.047
162	3.72346	0.045
163	3.72764	0.044
164	3.73632	0.042
165	3.74549	0.04
166	3.75027	0.039
167	3.75518	0.038
168	3.76025	0.037
169	3.76547	0.036
170	3.77086	0.035
171	3.77642	0.034
172	3.78216	0.033
173	3.78811	0.032
174	3.79426	0.031
175	3.80063	0.03
176	3.80725	0.029
177	3.81412	0.028
178	3.82126	0.027
179	3.82871	0.026
180	3.83647	0.025
181	3.84458	0.024
182	3.85307	0.023
183	3.86197	0.022
184	3.87133	0.021
185	3.88118	0.02
186	3.89158	0.019
187	3.90259	0.018
188	3.91429	0.017
189	3.92674	0.016
190	3.94006	0.015
191	3.95435	0.014
192	3.96973	0.013
193	3.98636	0.012
194	4.00439	0.011
195	4.02395	0.01
196	4.04508	0.009
197	4.06759	0.008
198	4.09060	0.007
