Sensor Model:   Cubic Log-Polynomial Fit (degree-3)
Serial Number:	R31839
Data Format:    4      (Log Ohms/Kelvin)
SetPoint Limit: 300.0      (Kelvin)
Temperature coefficient:  1 (Negative)
Number of Breakpoints:   189

No.   Units      Temperature (K)

1	3.01402	300
2	3.01420	171.623
3	3.01448	162.301
4	3.01482	153.485
5	3.01520	145.148
6	3.01564	137.264
7	3.01612	129.808
8	3.01666	122.758
9	3.01724	116.09
10	3.01788	109.784
11	3.01857	103.821
12	3.01931	98.1815
13	3.02010	92.8486
14	3.02095	87.8053
15	3.02185	83.0359
16	3.02280	78.5256
17	3.02380	74.2603
18	3.02486	70.2267
19	3.02597	66.4122
20	3.02714	62.8048
21	3.02836	59.3935
22	3.02963	56.1674
23	3.03096	53.1165
24	3.03235	50.2314
25	3.03379	47.5029
26	3.03528	44.9227
27	3.03683	42.4826
28	3.03844	40.1751
29	3.04011	37.9929
30	3.04183	35.9292
31	3.04360	33.9776
32	3.04544	32.132
33	3.04733	30.3867
34	3.04928	28.7362
35	3.05129	27.1753
36	3.05336	25.6992
37	3.05549	24.3033
38	3.05767	22.9832
39	3.05992	21.7348
40	3.06222	20.5543
41	3.06459	19.4378
42	3.06701	18.382
43	3.06949	17.3835
44	3.07204	16.4393
45	3.07464	15.5464
46	3.07731	14.7019
47	3.08004	13.9034
48	3.08283	13.1482
49	3.08568	12.434
50	3.08860	11.7586
51	3.09158	11.1199
52	3.09462	10.5159
53	3.09772	9.94471
54	3.10089	9.40454
55	3.10412	8.89371
56	3.10741	8.41063
57	3.11077	7.95379
58	3.11419	7.52176
59	3.11768	7.1132
60	3.12124	6.72683
61	3.12486	6.36144
62	3.12854	6.01591
63	3.13229	5.68914
64	3.13611	5.38012
65	3.13999	5.08789
66	3.14394	4.81152
67	3.14796	4.55018
68	3.15204	4.30302
69	3.15619	4.06929
70	3.16041	3.84826
71	3.16470	3.63923
72	3.16905	3.44156
73	3.17348	3.25462
74	3.17797	3.07784
75	3.18254	2.91066
76	3.18717	2.75256
77	3.19187	2.60305
78	3.19664	2.46166
79	3.20148	2.32795
80	3.20640	2.2015
81	3.21138	2.08192
82	3.21644	1.96884
83	3.22156	1.86189
84	3.22676	1.76076
85	3.23203	1.66512
86	3.23738	1.57468
87	3.24279	1.48914
88	3.24828	1.40826
89	3.25384	1.33176
90	3.25948	1.25943
91	3.26518	1.19102
92	3.27097	1.12633
93	3.27682	1.06515
94	3.28275	1.00729
95	3.28876	0.952577
96	3.29484	0.900835
97	3.30100	0.851904
98	3.30723	0.805631
99	3.31354	0.761872
100	3.31992	0.720489
101	3.32638	0.681354
102	3.33292	0.644344
103	3.33953	0.609345
104	3.34622	0.576247
105	3.35299	0.544947
106	3.35984	0.515347
107	3.36676	0.487355
108	3.37376	0.460883
109	3.38085	0.435849
110	3.38801	0.412175
111	3.39525	0.389787
112	3.40256	0.368614
113	3.40996	0.348592
114	3.41744	0.329658
115	3.42500	0.311751
116	3.43264	0.294818
117	3.44036	0.278804
118	3.44816	0.26366
119	3.45605	0.249339
120	3.46401	0.235796
121	3.47206	0.222988
122	3.48019	0.210876
123	3.48840	0.199421
124	3.49669	0.188589
125	3.50507	0.178346
126	3.51353	0.168658
127	3.52208	0.159497
128	3.53071	0.150834
129	3.53942	0.142641
130	3.54822	0.134893
131	3.55710	0.127566
132	3.56606	0.120637
133	3.57512	0.114084
134	3.58425	0.107888
135	3.59348	0.102027
136	3.60279	0.0964856
137	3.61218	0.0912448
138	3.62166	0.0862886
139	3.63123	0.0816016
140	3.64089	0.0771692
141	3.65064	0.0729776
142	3.66047	0.0690137
143	3.67039	0.065265
144	3.68040	0.06172
145	3.69049	0.0583675
146	3.70068	0.0551972
147	3.71095	0.052199
148	3.72132	0.0493637
149	3.73177	0.0466824
150	3.74232	0.0441467
151	3.75295	0.0417488
152	3.76368	0.0394811
153	3.77449	0.0373366
154	3.78540	0.0353086
155	3.79640	0.0333907
156	3.80749	0.031577
157	3.81867	0.0298618
158	3.82994	0.0282398
159	3.84131	0.0267059
160	3.85277	0.0252553
161	3.86432	0.0238835
162	3.87597	0.0225862
163	3.88771	0.0213594
164	3.89954	0.0201992
165	3.91147	0.019102
166	3.92349	0.0180645
167	3.93560	0.0170833
168	3.94782	0.0161553
169	3.96012	0.0152778
170	3.97252	0.014448
171	3.98502	0.0136632
172	3.99762	0.012921
173	4.01031	0.0122192
174	4.02309	0.0115555
175	4.03598	0.0109278
176	4.04896	0.0103343
177	4.06204	0.00977293
178	4.07521	0.00924209
179	4.08849	0.00874009
180	4.10186	0.00826535
181	4.11533	0.0078164
182	4.12890	0.00739183
183	4.14257	0.00699033
184	4.15634	0.00661063
185	4.17020	0.00625156
186	4.18417	0.00591199
187	4.19824	0.00559087
188	4.21241	0.00528719
189	4.22668	0.005
