Sensor Model:   PCHIP Spline (monotone cubic Hermite)
Serial Number:	R31839
Data Format:    4      (Log Ohms/Kelvin)
SetPoint Limit: 300.0      (Kelvin)
Temperature coefficient:  1 (Negative)
Number of Breakpoints:   196

No.   Units      Temperature (K)

1	3.00728	300
2	3.00728	287.465
3	3.00729	281.396
4	3.00731	275.454
5	3.00734	269.638
6	3.00737	263.945
7	3.00741	258.372
8	3.00746	252.917
9	3.00751	247.577
10	3.00757	242.349
11	3.00764	237.232
12	3.00771	232.223
13	3.00779	227.32
14	3.00788	222.52
15	3.00797	217.822
16	3.00808	213.223
17	3.00818	208.721
18	3.00830	204.314
19	3.00842	200
20	3.00879	188.378
21	3.00921	177.431
22	3.00968	167.12
23	3.01020	157.409
24	3.01076	148.261
25	3.01137	139.646
26	3.01202	131.531
27	3.01272	123.887
28	3.01345	116.688
29	3.01423	109.907
30	3.01505	103.52
31	3.01643	97.5048
32	3.01790	91.8387
33	3.01932	86.5018
34	3.02071	81.4751
35	3.02211	76.7405
36	3.02352	72.281
37	3.02497	68.0807
38	3.02646	64.1244
39	3.02800	60.3981
40	3.02957	56.8883
41	3.03121	53.5824
42	3.03289	50.4687
43	3.03462	47.5359
44	3.03641	44.7735
45	3.03823	42.1717
46	3.04012	39.7211
47	3.04205	37.4128
48	3.04403	35.2387
49	3.04605	33.191
50	3.04812	31.2622
51	3.05024	29.4455
52	3.05242	27.7344
53	3.05463	26.1227
54	3.05691	24.6047
55	3.05923	23.1749
56	3.06161	21.8282
57	3.06405	20.5597
58	3.06654	19.365
59	3.06909	18.2396
60	3.07170	17.1797
61	3.07437	16.1814
62	3.07711	15.2411
63	3.07992	14.3554
64	3.08278	13.5212
65	3.08572	12.7355
66	3.08872	11.9954
67	3.09180	11.2983
68	3.09494	10.6418
69	3.09816	10.0234
70	3.10145	9.44089
71	3.10482	8.89226
72	3.10825	8.37552
73	3.11176	7.88881
74	3.11533	7.43039
75	3.11899	6.9986
76	3.12272	6.5919
77	3.12652	6.20884
78	3.13040	5.84804
79	3.13434	5.5082
80	3.13838	5.18811
81	3.14248	4.88662
82	3.14665	4.60266
83	3.15092	4.33519
84	3.15525	4.08327
85	3.15966	3.84599
86	3.16415	3.62249
87	3.16873	3.41198
88	3.17338	3.21371
89	3.17812	3.02696
90	3.18293	2.85106
91	3.18783	2.68538
92	3.19282	2.52933
93	3.19789	2.38235
94	3.20306	2.24391
95	3.20831	2.11351
96	3.21365	1.99069
97	3.21908	1.87501
98	3.22460	1.76605
99	3.23022	1.66342
100	3.23593	1.56676
101	3.24174	1.47571
102	3.24764	1.38996
103	3.25363	1.30919
104	3.25971	1.23311
105	3.26591	1.16145
106	3.27219	1.09396
107	3.27856	1.03039
108	3.28503	0.97051
109	3.29161	0.914112
110	3.29827	0.860992
111	3.30503	0.810959
112	3.31189	0.763833
113	3.31884	0.719446
114	3.32588	0.677638
115	3.33302	0.63826
116	3.34024	0.60117
117	3.34755	0.566235
118	3.35496	0.533331
119	3.36246	0.502338
120	3.37004	0.473147
121	3.37770	0.445652
122	3.38545	0.419754
123	3.39329	0.395362
124	3.40122	0.372387
125	3.40922	0.350747
126	3.41732	0.330365
127	3.42550	0.311167
128	3.43376	0.293085
129	3.44210	0.276053
130	3.45053	0.260011
131	3.45905	0.244902
132	3.46764	0.23067
133	3.47632	0.217266
134	3.48510	0.20464
135	3.49395	0.192748
136	3.50290	0.181548
137	3.51194	0.170998
138	3.52108	0.161061
139	3.53029	0.151701
140	3.53961	0.142886
141	3.54903	0.134583
142	3.55854	0.126762
143	3.56814	0.119396
144	3.57786	0.112457
145	3.58768	0.105922
146	3.59759	0.099767
147	3.60761	0.0939694
148	3.61773	0.0885088
149	3.62796	0.0833654
150	3.63830	0.078521
151	3.64874	0.073958
152	3.65929	0.0696602
153	3.66995	0.0656122
154	3.68071	0.0617994
155	3.69157	0.0582082
156	3.70254	0.0548256
157	3.71363	0.0516396
158	3.72481	0.0486388
159	3.73608	0.0458123
160	3.74747	0.0431501
161	3.75895	0.0406426
162	3.77052	0.0382808
163	3.78219	0.0360563
164	3.79397	0.033961
165	3.80584	0.0319875
166	3.81780	0.0301287
167	3.82986	0.0283779
168	3.84202	0.0267288
169	3.85427	0.0251756
170	3.86662	0.0237126
171	3.87908	0.0223346
172	3.89163	0.0210367
173	3.90429	0.0198143
174	3.91705	0.0186628
175	3.92992	0.0175783
176	3.94290	0.0165568
177	3.95599	0.0155947
178	3.96919	0.0146885
179	3.98248	0.0138349
180	3.99588	0.0130309
181	4.00936	0.0122737
182	4.02290	0.0115605
183	4.03648	0.0108887
184	4.05009	0.0102559
185	4.06366	0.00965992
186	4.07716	0.00909858
187	4.09050	0.00856985
188	4.10360	0.00807184
189	4.11624	0.00760278
190	4.12851	0.00716097
191	4.14038	0.00674484
192	4.15181	0.00635289
193	4.16277	0.00598372
194	4.17321	0.005636
195	4.18310	0.00530848
196	4.19241	0.005
