Sensor Model:   Log-Polynomial Fit (degree-5)
Serial Number:	R31839
Data Format:    4      (Log Ohms/Kelvin)
SetPoint Limit: 102.0      (Kelvin)
Temperature coefficient:  1 (Negative)
Number of Breakpoints:   198

No.   Units      Temperature (K)

1	3.01556	102
2	3.01672	96.7381
3	3.01790	91.7477
4	3.01910	87.0148
5	3.02033	82.5259
6	3.02157	78.2687
7	3.02285	74.231
8	3.02415	70.4017
9	3.02548	66.7699
10	3.02683	63.3255
11	3.02821	60.0587
12	3.02963	56.9605
13	3.03107	54.022
14	3.03255	51.2352
15	3.03406	48.5922
16	3.03560	46.0854
17	3.03718	43.708
18	3.03879	41.4533
19	3.04044	39.3148
20	3.04213	37.2867
21	3.04386	35.3632
22	3.04562	33.5389
23	3.04742	31.8088
24	3.04927	30.1678
25	3.05116	28.6116
26	3.05308	27.1356
27	3.05506	25.7358
28	3.05707	24.4081
29	3.05913	23.149
30	3.06124	21.9548
31	3.06339	20.8222
32	3.06558	19.7481
33	3.06783	18.7293
34	3.07012	17.7631
35	3.07246	16.8468
36	3.07485	15.9777
37	3.07730	15.1535
38	3.07979	14.3718
39	3.08233	13.6304
40	3.08493	12.9272
41	3.08757	12.2604
42	3.09027	11.6279
43	3.09303	11.028
44	3.09584	10.4591
45	3.09870	9.91958
46	3.10162	9.40786
47	3.10460	8.92254
48	3.10763	8.46225
49	3.11072	8.02571
50	3.11386	7.61169
51	3.11707	7.21903
52	3.12033	6.84662
53	3.12365	6.49342
54	3.12703	6.15845
55	3.13048	5.84075
56	3.13398	5.53945
57	3.13754	5.25369
58	3.14116	4.98266
59	3.14485	4.72562
60	3.14860	4.48184
61	3.15241	4.25064
62	3.15628	4.03136
63	3.16022	3.8234
64	3.16422	3.62616
65	3.16828	3.4391
66	3.17241	3.26169
67	3.17661	3.09343
68	3.18087	2.93385
69	3.18519	2.7825
70	3.18958	2.63896
71	3.19404	2.50282
72	3.19856	2.37371
73	3.20315	2.25126
74	3.20781	2.13512
75	3.21253	2.02498
76	3.21732	1.92052
77	3.22218	1.82144
78	3.22711	1.72748
79	3.23211	1.63836
80	3.23717	1.55385
81	3.24231	1.47369
82	3.24751	1.39767
83	3.25279	1.32556
84	3.25813	1.25718
85	3.26354	1.19233
86	3.26902	1.13082
87	3.27458	1.07248
88	3.28020	1.01716
89	3.28589	0.964687
90	3.29166	0.914921
91	3.29750	0.867724
92	3.30340	0.82296
93	3.30938	0.780506
94	3.31543	0.740243
95	3.32155	0.702056
96	3.32775	0.665839
97	3.33401	0.63149
98	3.34035	0.598914
99	3.34676	0.568018
100	3.35325	0.538716
101	3.35980	0.510925
102	3.36643	0.484568
103	3.37313	0.459571
104	3.37991	0.435863
105	3.38675	0.413378
106	3.39367	0.392053
107	3.40067	0.371828
108	3.40774	0.352647
109	3.41488	0.334455
110	3.42209	0.317201
111	3.42938	0.300838
112	3.43674	0.285319
113	3.44418	0.2706
114	3.45169	0.256641
115	3.45927	0.243401
116	3.46693	0.230845
117	3.47466	0.218936
118	3.48247	0.207642
119	3.49035	0.196931
120	3.49830	0.186772
121	3.50633	0.177137
122	3.51443	0.167999
123	3.52261	0.159332
124	3.53086	0.151113
125	3.53919	0.143317
126	3.54759	0.135924
127	3.55606	0.128912
128	3.56462	0.122262
129	3.57324	0.115955
130	3.58194	0.109973
131	3.59071	0.1043
132	3.59956	0.0989195
133	3.60849	0.0938165
134	3.61749	0.0889768
135	3.62656	0.0843868
136	3.63571	0.0800335
137	3.64493	0.0759049
138	3.65423	0.0719892
139	3.66360	0.0682755
140	3.67305	0.0647534
141	3.68258	0.0614129
142	3.69217	0.0582448
143	3.70185	0.0552402
144	3.71160	0.0523905
145	3.72142	0.0496878
146	3.73132	0.0471246
147	3.74129	0.0446936
148	3.75134	0.042388
149	3.76146	0.0402013
150	3.77166	0.0381275
151	3.78194	0.0361606
152	3.79229	0.0342952
153	3.80271	0.032526
154	3.81321	0.0308481
155	3.82378	0.0292567
156	3.83443	0.0277475
157	3.84516	0.0263161
158	3.85596	0.0249585
159	3.86684	0.023671
160	3.87779	0.0224499
161	3.88881	0.0212917
162	3.89991	0.0201934
163	3.91109	0.0191517
164	3.92234	0.0181637
165	3.93367	0.0172267
166	3.94508	0.016338
167	3.95656	0.0154952
168	3.96811	0.0146958
169	3.97974	0.0139377
170	3.99145	0.0132187
171	4.00323	0.0125368
172	4.01509	0.0118901
173	4.02702	0.0112767
174	4.03903	0.010695
175	4.05111	0.0101433
176	4.06327	0.00961999
177	4.07551	0.00912373
178	4.08782	0.00865306
179	4.10021	0.00820668
180	4.11268	0.00778332
181	4.12522	0.00738181
182	4.13784	0.007001
183	4.15053	0.00663984
184	4.16330	0.00629731
185	4.17615	0.00597245
186	4.18907	0.00566435
187	4.20208	0.00537215
188	4.21515	0.00509502
189	4.22831	0.00483218
190	4.24154	0.0045829
191	4.25485	0.00434649
192	4.26824	0.00412226
193	4.28170	0.00390961
194	4.29524	0.00370793
195	4.30886	0.00351665
196	4.32256	0.00333523
197	4.33634	0.00316318
198	4.35019	0.003
