Sensor Model:   Mott VRH Piecewise Linear Fit
Serial Number:	R31839
Data Format:    4      (Log Ohms/Kelvin)
SetPoint Limit: 300.0      (Kelvin)
Temperature coefficient:  1 (Negative)
Number of Breakpoints:   173

No.   Units      Temperature (K)

1	2.99088	300
2	3.00728	294
3	3.00859	131.531
4	3.01002	123.887
5	3.01148	116.688
6	3.01295	109.907
7	3.01445	103.52
8	3.01598	97.5048
9	3.01752	91.8387
10	3.01909	86.5018
11	3.02068	81.4751
12	3.02230	76.7405
13	3.02394	72.281
14	3.02560	68.0807
15	3.02729	64.1244
16	3.02901	60.3981
17	3.03075	56.8883
18	3.03251	53.5824
19	3.03431	50.4687
20	3.03613	47.5359
21	3.03798	44.7735
22	3.03985	42.1717
23	3.04176	39.7211
24	3.04369	37.4128
25	3.04566	35.2387
26	3.04765	33.191
27	3.04967	31.2622
28	3.05172	29.4455
29	3.05381	27.7344
30	3.05592	26.1227
31	3.05807	24.6047
32	3.06025	23.1749
33	3.06246	21.8282
34	3.06471	20.5597
35	3.06699	19.365
36	3.06930	18.2396
37	3.07165	17.1797
38	3.07403	16.1814
39	3.07645	15.2411
40	3.07891	14.3554
41	3.08140	13.5212
42	3.08394	12.7355
43	3.08651	11.9954
44	3.08911	11.2983
45	3.09176	10.6418
46	3.09445	10.0234
47	3.10006	9.44089
48	3.10367	8.89226
49	3.10734	8.37552
50	3.11107	7.88881
51	3.11485	7.43039
52	3.11869	6.9986
53	3.12259	6.5919
54	3.12654	6.20884
55	3.13056	5.84804
56	3.13464	5.5082
57	3.13877	5.18811
58	3.14297	4.88662
59	3.14724	4.60266
60	3.15156	4.33519
61	3.15596	4.08327
62	3.16042	3.84599
63	3.16494	3.62249
64	3.16954	3.41198
65	3.17420	3.21371
66	3.17893	3.02696
67	3.18374	2.85106
68	3.18862	2.68538
69	3.19357	2.52933
70	3.19860	2.38235
71	3.20370	2.24391
72	3.20888	2.11351
73	3.21413	1.99069
74	3.21947	1.87501
75	3.22489	1.76605
76	3.23039	1.66342
77	3.23597	1.56676
78	3.24163	1.47571
79	3.24738	1.38996
80	3.25322	1.30919
81	3.25915	1.23311
82	3.26516	1.16145
83	3.27127	1.09396
84	3.27747	1.03039
85	3.30832	0.97051
86	3.31377	0.914112
87	3.31931	0.860992
88	3.32493	0.810959
89	3.33064	0.763833
90	3.33643	0.719446
91	3.34231	0.677638
92	3.34828	0.63826
93	3.35434	0.60117
94	3.36049	0.566235
95	3.36673	0.533331
96	3.37307	0.502338
97	3.37950	0.473147
98	3.38603	0.445652
99	3.39266	0.419754
100	3.39939	0.395362
101	3.40622	0.372387
102	3.41315	0.350747
103	3.42019	0.330365
104	3.42733	0.311167
105	3.43458	0.293085
106	3.44194	0.276053
107	3.44941	0.260011
108	3.45700	0.244902
109	3.46469	0.23067
110	3.47251	0.217266
111	3.48044	0.20464
112	3.48849	0.192748
113	3.49667	0.181548
114	3.50496	0.170998
115	3.51338	0.161061
116	3.52193	0.151701
117	3.53061	0.142886
118	3.53942	0.134583
119	3.54836	0.126762
120	3.55743	0.119396
121	3.56665	0.112457
122	3.57600	0.105922
123	3.58549	0.099767
124	3.59513	0.0939694
125	3.60491	0.0885088
126	3.61484	0.0833654
127	3.62491	0.078521
128	3.63515	0.073958
129	3.64553	0.0696602
130	3.65607	0.0656122
131	3.66677	0.0617994
132	3.67763	0.0582082
133	3.68866	0.0548256
134	3.69985	0.0516396
135	3.71121	0.0486388
136	3.72274	0.0458123
137	3.73445	0.0431501
138	3.74633	0.0406426
139	3.75839	0.0382808
140	3.77063	0.0360563
141	3.78306	0.033961
142	3.79568	0.0319875
143	3.80848	0.0301287
144	3.82148	0.0283779
145	3.83467	0.0267288
146	3.84807	0.0251756
147	3.86166	0.0237126
148	3.87546	0.0223346
149	3.88947	0.0210367
150	3.90369	0.0198143
151	3.91813	0.0186628
152	3.93278	0.0175783
153	3.94765	0.0165568
154	3.96275	0.0155947
155	3.97807	0.0146885
156	3.99363	0.0138349
157	4.00942	0.0130309
158	4.02545	0.0122737
159	4.04172	0.0115605
160	4.05823	0.0108887
161	4.07500	0.0102559
162	4.09201	0.00965992
163	4.10929	0.00909858
164	4.12682	0.00856985
165	4.14462	0.00807184
166	4.16269	0.00760278
167	4.18103	0.00716097
168	4.19964	0.00674484
169	4.21854	0.00635289
170	4.23772	0.00598372
171	4.25719	0.005636
172	4.27696	0.00530848
173	4.29702	0.005
